0.001 3
linear
5 0





5
0 0 0 0 0 
relu
10 5
-0.195369 0.738178 0.406032 -1.06878 0.321907 
-0.649056 0.873959 -1.41884 -0.18185 -0.47006 
-1.54383 0.0473806 -1.61568 0.526758 -0.716507 
-0.223333 2.6298 -1.18527 -0.782155 -1.26788 
0.104929 0.259772 -0.241229 -0.0590183 0.0937897 
0.435224 -1.19525 0.144775 -0.118847 -0.123046 
-0.215031 -0.60795 0.242781 -1.29323 -0.0338238 
0.0216412 -1.57477 -0.398497 -0.0045324 -1.31203 
-0.110796 1.92367 -0.534984 -0.491824 0.213362 
-0.0702682 2.73596 -0.649024 -0.369749 -0.921876 
10
0.139647 0.133742 0.243276 -0.327483 0.0291827 0.0480847 -0.0885577 -0.189528 -0.471233 -0.362092 
logistic
6 10
0.688233 0.39609 -1.02904 0.358479 0.131268 -0.316076 0.00101217 -1.2965 0.552662 0.620247 
0.862135 0.416509 0.392354 1.36551 0.248061 0.457031 -0.380336 -0.00179807 1.50145 2.03099 
-0.0247924 0.950893 -0.0933155 1.09961 0.0324384 0.570237 0.715269 -0.254691 0.864251 0.825132 
-0.866822 0.0288292 1.20876 -1.04746 0.102511 -0.248285 0.402509 0.11673 -0.653769 -0.782461 
1.47217 2.39406 1.46921 1.58465 -0.0980925 0.874467 -0.206569 -0.380046 0.802339 1.20282 
0.187929 -0.503798 -0.933385 -2.05786 -0.338439 0.739958 0.344134 -0.258741 -1.2923 -2.06604 
6
1.38548 1.40513 -1.0387 0.657087 0.420447 0.221416 
