0.001 3
linear
4 0




4
0 0 0 0 
relu
10 4
-0.596461 0.448631 -0.314889 -0.899802 
0.472821 1.70479 0.351283 -1.618 
-0.333968 -0.356213 0.270554 0.753319 
-0.506794 -0.392108 0.488799 1.11836 
0.348803 1.00061 0.451734 -0.092201 
1.5213 0.334658 1.05116 0.566581 
1.29276 0.363645 0.938072 0.647884 
0.088513 -1.18289 0.67029 1.05796 
0.859233 -0.890671 0.883704 0.869867 
-1.31042 0.789721 -0.827797 -1.7657 
10
-0.25692 0.375534 0.321765 -0.0238941 -0.486205 0.457175 0.138238 0.446022 0.221395 -0.0773913 
logistic
6 10
-0.570718 0.607735 0.584584 0.690627 0.853106 0.555155 1.02778 0.151725 0.109841 -0.823351 
-1.49096 -2.04817 0.18305 0.092996 -2.36961 -0.0430561 -1.87733 0.180882 0.401585 -1.6723 
-0.303502 -0.864227 -0.264926 -0.367733 -0.728066 -0.621161 -0.544806 -0.370873 0.159442 -0.500607 
0.435951 0.96784 -0.48588 -0.0651776 0.318858 0.223218 0.463446 -0.624118 0.158026 0.135789 
1.19226 -0.386236 0.159825 -0.351795 0.346301 -0.0664803 0.527835 -0.230271 -0.0420397 0.89001 
-1.11876 -0.225317 0.0790753 0.222118 0.764762 1.15983 0.760053 0.479884 2.13753 -1.70686 
6
-0.0853918 -0.620549 0.309533 -0.235087 -0.166178 -0.21904 
