0.01 4
linear
7 0







7
0 0 0 0 0 0 0 
relu
7 7
-0.231413 0.91298 0.132206 -1.53294 -1.79764 0.0732021 0.617754 
-1.38914 -0.715686 -0.135509 -0.621632 0.0223675 -0.884581 0.214466 
-0.00784141 -0.172849 0.868237 0.269721 1.51266 -1.00813 0.191555 
0.736568 0.548208 -0.0305773 0.0997329 0.999368 -0.114914 -0.700411 
-0.211656 -0.27235 -0.209609 -0.144057 0.762214 -1.40904 -0.0531469 
0.288078 -1.9083 -0.0422363 0.264329 0.649074 0.0730465 0.050825 
0.552806 0.804692 0.754071 -0.157896 -1.59567 0.331608 0.257377 
7
0.524753 0.466244 0.327162 0.196632 0.1576 0.00705549 0.181536 
relu
7 7
-0.540635 0.186294 -0.136817 0.493316 0.925434 0.614592 -0.215308 
-3.63349 -0.799883 0.0338949 0.426734 0.342902 -1.14151 -2.44962 
1.67795 0.536459 0.155185 0.540421 -0.389418 1.3571 0.562767 
-0.928941 0.125174 -0.377307 0.337176 0.153945 0.350774 -1.85471 
0.827634 -0.93987 0.0208274 -0.0875383 0.928263 -0.55673 -0.201189 
0.666457 -0.37571 -0.76076 0.114559 0.544462 0.0193449 0.0741501 
0.202327 -0.638789 -0.445809 0.137815 1.14883 -1.02609 -0.247818 
7
0.350559 0.0865605 0.210711 0.297389 0.171346 0.17644 0.0576064 
logistic
6 7
0.118836 0.0465392 1.31009 1.17943 -0.701939 0.431141 -0.115192 
-0.525204 -1.50164 -0.285564 -0.508275 -0.511038 -0.431522 0.527119 
0.516374 0.996792 -1.03127 -0.260219 -0.19125 -0.467216 0.280044 
-0.0720703 -0.448845 -0.589398 0.466309 0.12325 0.421865 -0.443271 
0.376975 -0.579873 -0.799036 -0.186275 0.393689 -0.0236146 0.126341 
0.520512 -1.2554 -6.58542 1.69367 -0.469236 -0.545368 0.115027 
6
0.0108806 -0.581253 -0.193012 -0.418347 -0.0491981 -0.117704 
