0.001 3
linear
5 0





5
0 0 0 0 0 
relu
10 5
-0.17151 0.0960667 0.264438 -1.03784 0.349418 
-0.71109 0.402386 -1.08377 -0.432442 -0.412912 
-0.247357 -0.0217056 -0.877811 0.396601 -0.16041 
-0.532952 2.14819 -0.799666 -0.912443 -1.14433 
0.236996 0.411329 -0.454613 -0.247227 0.107546 
0.975305 -0.44501 0.663849 -0.0537988 0.300973 
0.168552 -0.686731 0.331703 -1.26975 -0.00556643 
-0.0205732 -1.33172 0.294847 0.242241 -0.817878 
-0.12207 0.177769 0.614911 0.163025 0.529478 
-0.155369 0.710662 0.842959 0.264027 -0.668229 
10
0.229231 -0.0356035 0.322135 -0.154273 0.0166777 0.131407 -0.107911 0.0307956 0.135385 0.201782 
logistic
6 10
0.524101 0.90778 -0.313019 0.434714 0.199775 0.257712 0.136265 -0.616078 0.346097 0.344731 
0.428811 -0.813331 -0.201521 -0.637723 -0.0390772 0.203857 -0.241088 -0.625736 0.447386 0.325107 
-0.555845 -0.837559 -0.291009 -0.748191 -0.264948 -0.114544 0.589821 -0.187253 -0.0867343 -0.19432 
-0.397914 -1.01879 0.587241 -1.48449 -0.108722 -0.74694 0.345049 0.0768542 -0.136525 -0.112094 
-0.199765 0.524825 0.213441 1.31471 0.0557916 -0.55697 -0.135101 -0.000649875 0.747724 1.04174 
0.392723 -0.974357 -0.748411 -1.33823 -0.577275 0.311872 0.396175 0.253391 0.111791 -0.606113 
6
0.677058 0.844595 -0.789054 0.407176 0.462718 -0.151932 
